+------+---+-------------------+-------------------+------------------+------------------+------------------+------------------+------------------+------------------+
|siteId|ad |mean1              |sd1                |mean2             |sd2               |mean3             |sd3               |mean4             |sd4               |
+------+---+-------------------+-------------------+------------------+------------------+------------------+------------------+------------------+------------------+
|3     |1  |0.9121140264465797 |0.6769270245912464 |49.64496101645972 |28.89000061284583 |7.885795637133508 |2.4725693662235275|5.083933552490445 |1.7271227301555097|
|2     |2  |0.9157276568434555 |0.6698653088962809 |49.98809291430802 |28.79668009327344 |7.9193965265003685|2.463319934735589 |5.104033987249522 |1.7101222629151278|
|2     |3  |0.9301071237583382 |0.6971227302041546 |49.98833888624465 |28.86047512058684 |7.909755783887286 |2.459994755538823 |5.123218729575873 |1.7591626981871016|
|1     |2  |0.8953288038198794 |0.5529838411164786 |55.523809523809526|24.947983050825915|8.29960332122707  |1.937333002191237 |5.1979730359561875|1.5079549474206593|
|4     |-1 |0.49359318584263284|0.2888215879794404 |49.390233362143476|28.97505986078385 |7.839014414324421 |2.470930241149056 |4.040048338187536 |1.0471604284328706|
|1     |1  |0.9394612751477636 |0.6357069978846848 |46.28846153846154 |30.081155939969562|7.54890709029293  |2.683395488694627 |5.148663413887821 |1.6165090924328447|
|1     |3  |0.7327179439775597 |0.5979186999390977 |56.166666666666664|30.32250027600801 |8.253223344366193 |2.6377010505395257|4.6890739957904914|1.53764637701861  |
|3     |3  |0.9111920671520284 |0.6800681177274995 |49.874616620417704|28.884499311903014|7.896727366145835 |2.477092629528922 |5.081940813889498 |1.726791318381233 |
|3     |-1 |0.5015776786178593 |0.28734842613386286|50.134898550724635|28.808618907175735|7.9196664509193   |2.4596242563222397|4.078458873340257 |1.0384758318178393|
|4     |3  |0.932198004238266  |0.6860577500573395 |50.241433842909856|28.80914777308354 |7.924186051143353 |2.4227465499265364|5.139504274152241 |1.7396848257696218|
|2     |1  |0.9117545825232183 |0.6779829893375224 |49.93018649942235 |28.937397477053977|7.888564225061237 |2.463062231054378 |5.083591390850312 |1.7228296910401215|
|1     |-1 |0.5310852140359277 |0.2952511567187978 |54.36734693877551 |27.67572181951706 |8.390404854452886 |2.283880782375147 |4.238201858671962 |1.068030210304401 |
|3     |2  |0.9088705908606005 |0.6797508476466172 |49.94718574651472 |28.809598876460942|7.917995638756841 |2.459403353136664 |5.078396142165655 |1.7321690552974767|
|4     |2  |0.9338319449159691 |0.6915573949807644 |49.69497400346621 |28.767646526065583|7.881111813144018 |2.4525447957539113|5.139098578382198 |1.732651976513268 |
|2     |-1 |0.5065535960585749 |0.2882637187479265 |50.277734375      |28.528477191828753|7.931333907926411 |2.4612581860883953|4.094566937764527 |1.040484865196515 |
|4     |1  |0.9035949689584819 |0.6770178275483774 |49.805259417199714|28.9369743203349  |7.912999032122258 |2.4585204301982575|5.060495734324186 |1.7498308822567847|
+------+---+-------------------+-------------------+------------------+------------------+------------------+------------------+------------------+------------------+